Namespace(name='bla', ckpt='droid.pth', datasets=None, datapath='data/scannet', gpus=1, batch=1, iters=15, steps=250000, lr=6.25e-05, clip=2.5, n_frames=7, w1=10.0, w2=0.01, w3=0.05, fmin=8.0, fmax=96.0, depth_max=10.0, depth_min=0.2, no_mask=False, noise=False, scale=False, edges=24, restart_prob=0.2, world_size=1)
Building Scannet dataset
data/scannet/scene0000_00/pose/0.txt
[ 2.65583     2.981598    1.368648    0.12508386  0.8291717  -0.53868785
 -0.08150905]
data/scannet/scene0000_00/pose/2.txt
[ 2.649368    2.97856     1.365403    0.13400016  0.83202159 -0.53050289
 -0.09138227]
data/scannet/scene0000_00/pose/4.txt
[ 2.644349    2.98006     1.361572    0.13614069  0.83198298 -0.53034072
 -0.08949161]
data/scannet/scene0000_00/pose/6.txt
[ 2.643605    2.981744    1.355444    0.14011004  0.83245622 -0.52859406
 -0.08929807]
data/scannet/scene0000_00/pose/8.txt
[ 2.638779    2.983938    1.350736    0.14379221  0.83392046 -0.52572496
 -0.08668184]
data/scannet/scene0000_00/pose/10.txt
[ 2.631189    2.974235    1.371736    0.15247498  0.84194973 -0.51179755
 -0.07704083]
data/scannet/scene0000_00/pose/12.txt
[ 2.627383    2.979916    1.351397    0.15570391  0.84683509 -0.50352023
 -0.07137224]
data/scannet/scene0000_00/pose/14.txt
[ 2.621858    2.981823    1.336357    0.15869051  0.85291949 -0.49229816
 -0.07062711]
data/scannet/scene0000_00/pose/16.txt
[ 2.61448     2.988785    1.317796    0.16308296  0.85854613 -0.48105595
 -0.06991179]
data/scannet/scene0000_00/pose/18.txt
[ 2.607595    2.999038    1.303462    0.1670558   0.86516438 -0.46817802
 -0.06627439]
data/scannet/scene0000_00/pose/20.txt
[ 2.602291    3.008327    1.301364    0.17374152  0.87187836 -0.45322112
 -0.06505866]
data/scannet/scene0000_00/pose/22.txt
[ 2.595489    3.028978    1.288789    0.17528895  0.87330352 -0.44911349
 -0.07008443]
data/scannet/scene0000_00/pose/24.txt
[ 2.596378    3.040951    1.282509    0.17743074  0.87526557 -0.44330778
 -0.07685525]
data/scannet/scene0000_00/pose/26.txt
[ 2.595391    3.053586    1.283669    0.17812628  0.87575366 -0.44070182
 -0.08431166]
data/scannet/scene0000_00/pose/28.txt
[ 2.600178    3.075339    1.279156    0.17799056  0.87322893 -0.44464887
 -0.08987764]
data/scannet/scene0000_00/pose/30.txt
[ 2.613486    3.089565    1.284845    0.18237885  0.87335105 -0.4420611
 -0.09261683]
data/scannet/scene0000_00/pose/32.txt
[ 2.618314    3.10641     1.296575    0.1866379   0.87203081 -0.44292299
 -0.0924543 ]
data/scannet/scene0000_00/pose/34.txt
[ 2.626605    3.131478    1.293241    0.18988055  0.8686486  -0.44767895
 -0.09475522]
data/scannet/scene0000_00/pose/36.txt
[ 2.623949    3.152149    1.300037    0.19563514  0.86724317 -0.44804271
 -0.09420137]
data/scannet/scene0000_00/pose/38.txt
[ 2.618676    3.172611    1.305325    0.20365777  0.86337963 -0.45183854
 -0.09455717]
data/scannet/scene0000_00/pose/40.txt
[ 2.621844    3.193201    1.300204    0.21409457  0.85824457 -0.45564838
 -0.09982149]
data/scannet/scene0000_00/pose/42.txt
[ 2.594427    3.212729    1.307344    0.22492798  0.85775899 -0.45107541
 -0.10093511]
data/scannet/scene0000_00/pose/44.txt
[ 2.585311    3.232096    1.30044     0.23910972  0.85610378 -0.44523891
 -0.10805173]
data/scannet/scene0000_00/pose/46.txt
[ 2.560533    3.24261     1.317312    0.24955084  0.85541893 -0.44085624
 -0.10783606]
data/scannet/scene0000_00/pose/48.txt
[ 2.548476    3.261762    1.316647    0.2557064   0.85069847 -0.4455998
 -0.11120776]
data/scannet/scene0000_00/pose/50.txt
[ 2.542137    3.275374    1.317796    0.26087877  0.84759977 -0.4478093
 -0.11394619]
data/scannet/scene0000_00/pose/52.txt
[ 2.516146    3.281672    1.34041     0.26209188  0.84754083 -0.44790481
 -0.11119202]
data/scannet/scene0000_00/pose/54.txt
[ 2.501636    3.294151    1.34858     0.25564631  0.84557641 -0.45477999
 -0.11322838]
data/scannet/scene0000_00/pose/56.txt
[ 2.491327    3.307487    1.354251    0.24594169  0.84367058 -0.46221273
 -0.11870985]
data/scannet/scene0000_00/pose/58.txt
[ 2.48533     3.311098    1.365376    0.23696761  0.84127104 -0.4697912
 -0.12411933]
data/scannet/scene0000_00/pose/60.txt
[ 2.481996    3.331899    1.356713    0.22780059  0.83619635 -0.48193232
 -0.12893325]
data/scannet/scene0000_00/pose/62.txt
[ 2.475513    3.332587    1.374958    0.22639635  0.83390357 -0.48675616
 -0.12813261]
data/scannet/scene0000_00/pose/64.txt
[ 2.471751    3.336691    1.38963     0.22297809  0.82989322 -0.49611986
 -0.12418977]
data/scannet/scene0000_00/pose/66.txt
[ 2.480646    3.336874    1.398864    0.21907526  0.82754797 -0.50280842
 -0.11980849]
data/scannet/scene0000_00/pose/68.txt
[ 2.487787    3.343671    1.401181    0.21261661  0.82490972 -0.51047044
 -0.1172095 ]
data/scannet/scene0000_00/pose/70.txt
[ 2.49892     3.348427    1.394404    0.2054942   0.82259496 -0.51630146
 -0.12059215]
data/scannet/scene0000_00/pose/72.txt
[ 2.506941    3.344502    1.401953    0.2026917   0.82410401 -0.51458293
 -0.12236444]
data/scannet/scene0000_00/pose/74.txt
[ 2.5238      3.339528    1.41179     0.19661462  0.82520695 -0.51577002
 -0.11982267]
data/scannet/scene0000_00/pose/76.txt
[ 2.548831    3.336245    1.417661    0.18989518  0.8235045  -0.52087797
 -0.12027593]
data/scannet/scene0000_00/pose/78.txt
[ 2.575625    3.331646    1.416232    0.18859048  0.81847335 -0.52841406
 -0.1237481 ]
data/scannet/scene0000_00/pose/80.txt
[ 2.597897    3.329533    1.418409    0.18920261  0.81281661 -0.53584635
 -0.12806335]
data/scannet/scene0000_00/pose/82.txt
[ 2.623186    3.320391    1.428226    0.19113839  0.80701115 -0.54352894
 -0.12951994]
data/scannet/scene0000_00/pose/84.txt
[ 2.64952     3.319263    1.428762    0.19238102  0.80662082 -0.54429397
 -0.12687191]
data/scannet/scene0000_00/pose/86.txt
[ 2.674471    3.316467    1.430256    0.19481759  0.80887089 -0.54038238
 -0.12554231]
data/scannet/scene0000_00/pose/88.txt
[ 2.691607    3.312685    1.439671    0.1950752   0.80804731 -0.54300159
 -0.11897261]
data/scannet/scene0000_00/pose/90.txt
[ 2.714196    3.311598    1.445166    0.19317347  0.8035291  -0.55079089
 -0.11685202]
data/scannet/scene0000_00/pose/92.txt
[ 2.729447    3.308854    1.459125    0.18749107  0.79940598 -0.55892526
 -0.11575719]
data/scannet/scene0000_00/pose/94.txt
[ 2.74704     3.307164    1.467911    0.18090325  0.79522888 -0.56683992
 -0.11652274]
data/scannet/scene0000_00/pose/96.txt
[ 2.761536    3.305724    1.484429    0.17384461  0.78949803 -0.57750261
 -0.11384922]
data/scannet/scene0000_00/pose/98.txt
[ 2.772827    3.305806    1.497819    0.16683703  0.78266363 -0.58919671
 -0.11158084]
data/scannet/scene0000_00/pose/100.txt
[ 2.770857    3.310602    1.486608    0.15878746  0.77405996 -0.60262232
 -0.11164253]
data/scannet/scene0000_00/pose/102.txt
[ 2.779553    3.296045    1.521154    0.15656581  0.77175068 -0.60582336
 -0.11342882]
data/scannet/scene0000_00/pose/104.txt
[ 2.781774    3.289534    1.529017    0.15302798  0.76663444 -0.61309448
 -0.11388253]
data/scannet/scene0000_00/pose/106.txt
[ 2.776091    3.285171    1.541196    0.14808243  0.76265136 -0.61960661
 -0.1119024 ]
data/scannet/scene0000_00/pose/108.txt
[ 2.77633     3.272144    1.555484    0.14402328  0.76025212 -0.62348794
 -0.1119678 ]
data/scannet/scene0000_00/pose/110.txt
[ 2.76401     3.268641    1.536595    0.13707146  0.75455929 -0.63211691
 -0.11081473]
data/scannet/scene0000_00/pose/112.txt
[ 2.755547    3.255399    1.55103     0.13264423  0.75063571 -0.63809145
 -0.10858562]
data/scannet/scene0000_00/pose/114.txt
[ 2.74966     3.241897    1.556635    0.12968896  0.74388201 -0.64651909
 -0.1087814 ]
data/scannet/scene0000_00/pose/116.txt
[ 2.734974    3.231345    1.559986    0.12786665  0.73668161 -0.65486607
 -0.11000343]
data/scannet/scene0000_00/pose/118.txt
[ 2.7181      3.220863    1.576153    0.12721885  0.73206307 -0.65966769
 -0.1128608 ]
data/scannet/scene0000_00/pose/120.txt
[ 2.7155      3.204204    1.58668     0.12480753  0.72841947 -0.66337489
 -0.11731117]
data/scannet/scene0000_00/pose/122.txt
[ 2.701256    3.195234    1.601043    0.1214593   0.72566723 -0.66674799
 -0.1187511 ]
data/scannet/scene0000_00/pose/124.txt
[ 2.694019    3.184006    1.609281    0.12109472  0.72203603 -0.67075257
 -0.11870565]
data/scannet/scene0000_00/pose/126.txt
[ 2.690852    3.174665    1.622349    0.11972427  0.71950512 -0.67448252
 -0.11424447]
data/scannet/scene0000_00/pose/128.txt
[ 2.692333    3.159804    1.633554    0.11673443  0.7193829  -0.67583064
 -0.11006482]
data/scannet/scene0000_00/pose/130.txt
[ 2.698944    3.145746    1.639148    0.11647655  0.71621718 -0.6790612
 -0.1110948 ]
data/scannet/scene0000_00/pose/132.txt
[ 2.699983    3.137685    1.644447    0.11659748  0.71372686 -0.68122423
 -0.11372138]
data/scannet/scene0000_00/pose/134.txt
[ 2.713701    3.124563    1.65356     0.11741131  0.71170955 -0.68292815
 -0.11529633]
data/scannet/scene0000_00/pose/136.txt
[ 2.727494    3.115502    1.669457    0.11382979  0.71141737 -0.68461454
 -0.11059399]
data/scannet/scene0000_00/pose/138.txt
[ 2.746888    3.102638    1.682992    0.10870414  0.71314675 -0.68497583
 -0.10204527]
data/scannet/scene0000_00/pose/140.txt
[ 2.774393    3.084015    1.656204    0.09961631  0.71383137 -0.68726382
 -0.09049756]
data/scannet/scene0000_00/pose/142.txt
[ 2.804929    3.070414    1.642604    0.08898777  0.71675322 -0.68678822
 -0.08165749]
data/scannet/scene0000_00/pose/144.txt
[ 2.831236    3.058807    1.621981    0.08313956  0.71854173 -0.6856275
 -0.08185676]
data/scannet/scene0000_00/pose/146.txt
[ 2.861725    3.042356    1.606783    0.08602318  0.72276449 -0.68061971
 -0.08347636]
data/scannet/scene0000_00/pose/148.txt
[ 2.874464    3.035099    1.584645    0.08724092  0.72554557 -0.67770501
 -0.08178365]
data/scannet/scene0000_00/pose/150.txt
[ 2.875046    3.024214    1.586361    0.09126936  0.7356932  -0.66651559
 -0.07862822]
data/scannet/scene0000_00/pose/152.txt
[ 2.892428    3.012687    1.571747    0.09850754  0.74471951 -0.65532916
 -0.07894817]
data/scannet/scene0000_00/pose/154.txt
[ 2.909843    2.999694    1.55213     0.09813957  0.75785164 -0.63987013
 -0.08121409]
data/scannet/scene0000_00/pose/156.txt
[ 2.926893    2.994192    1.530866    0.09239973  0.76922293 -0.62706813
 -0.08089461]
data/scannet/scene0000_00/pose/158.txt
[ 2.953424    2.983757    1.50802     0.0870285   0.7808306  -0.61312516
 -0.08250544]
data/scannet/scene0000_00/pose/160.txt
[ 2.947215    2.984164    1.478826    0.08683591  0.79174901 -0.59976614
 -0.0766395 ]
data/scannet/scene0000_00/pose/162.txt
[ 2.966622    2.976748    1.457358    0.08752298  0.80118957 -0.58676123
 -0.07839811]
data/scannet/scene0000_00/pose/164.txt
[ 2.969132    2.970749    1.450022    0.08581934  0.80998079 -0.57538444
 -0.07415455]
data/scannet/scene0000_00/pose/166.txt
[ 2.974704    2.967436    1.439767    0.08261601  0.81588599 -0.56768007
 -0.07241544]
data/scannet/scene0000_00/pose/168.txt
[ 2.982013    2.963889    1.435387    0.08103615  0.81941826 -0.56301469
 -0.07071999]
data/scannet/scene0000_00/pose/170.txt
[ 2.981928    2.963408    1.435864    0.07966818  0.82172719 -0.56026204
 -0.06725956]
data/scannet/scene0000_00/pose/172.txt
[ 2.987901    2.967183    1.424519    0.07560409  0.8230704  -0.55918597
 -0.06442188]
data/scannet/scene0000_00/pose/174.txt
[ 2.980979    2.968928    1.42019     0.07322689  0.82479598 -0.55713437
 -0.06285463]
data/scannet/scene0000_00/pose/176.txt
[ 2.981236    2.972529    1.411666    0.07188507  0.82809962 -0.55255549
 -0.06136762]
data/scannet/scene0000_00/pose/178.txt
[ 2.983003    2.972764    1.410202    0.06880658  0.83083256 -0.54925778
 -0.05743516]
data/scannet/scene0000_00/pose/180.txt
[ 2.974404    2.970685    1.414431    0.0638318   0.83414145 -0.54545722
 -0.05108786]
data/scannet/scene0000_00/pose/182.txt
[ 2.988005    2.975748    1.393749    0.06170168  0.83356745 -0.54678614
 -0.0488173 ]
data/scannet/scene0000_00/pose/184.txt
[ 2.974114    2.976615    1.392577    0.0566073   0.83644247 -0.54376603
 -0.03844616]
data/scannet/scene0000_00/pose/186.txt
[ 2.967286    2.978018    1.381524    0.05253815  0.83971841 -0.53959071
 -0.03089667]
data/scannet/scene0000_00/pose/188.txt
[ 2.951091    2.977666    1.378557    0.04662471  0.8442251  -0.53344276
 -0.02342947]
data/scannet/scene0000_00/pose/190.txt
[ 2.908579    2.972736    1.390993    0.03739687  0.84975018 -0.52570383
 -0.01271167]
data/scannet/scene0000_00/pose/192.txt
[ 2.885943    2.97729     1.381202    0.02956387  0.84988012 -0.526103
 -0.00673683]
data/scannet/scene0000_00/pose/194.txt
[ 2.857582    2.979966    1.372938    0.01937733  0.85116253 -0.52453594
 -0.00298592]
data/scannet/scene0000_00/pose/196.txt
[ 2.82802     2.977403    1.370824    0.0128231   0.85595505 -0.51687326
 -0.00430689]
data/scannet/scene0000_00/pose/198.txt
[ 2.804987    2.972543    1.373363    0.01030912  0.85729884 -0.51464887
 -0.00830457]
data/scannet/scene0000_00/pose/200.txt
[ 2.782598    2.970711    1.381318    0.00887299  0.85689852 -0.51537234
 -0.00612733]
data/scannet/scene0000_00/pose/202.txt
[ 2.77899800e+00  2.97393900e+00  1.38622300e+00  9.52092067e-03
  8.55431839e-01 -5.17827848e-01 -2.01944754e-04]
data/scannet/scene0000_00/pose/204.txt
[ 2.778244    2.976273    1.385156    0.00861408  0.85395051 -0.52026034
  0.00484835]
data/scannet/scene0000_00/pose/206.txt
[ 2.778858    2.976845    1.386636    0.00922973  0.85341072 -0.52112254
  0.00602113]
data/scannet/scene0000_00/pose/208.txt
[ 2.791288    2.978118    1.3812      0.01200968  0.85316641 -0.52148602
  0.00389608]
data/scannet/scene0000_00/pose/210.txt
[ 2.81061400e+00  2.97403500e+00  1.37639700e+00  1.55365674e-02
  8.55143848e-01 -5.18155514e-01  1.57400419e-03]
data/scannet/scene0000_00/pose/212.txt
[ 2.83611000e+00  2.97237400e+00  1.37161700e+00  1.87744038e-02
  8.56179040e-01 -5.16335379e-01 -1.65823972e-03]
data/scannet/scene0000_00/pose/214.txt
[ 2.869039    2.971766    1.366704    0.02272437  0.85604118 -0.51638082
 -0.00528654]
data/scannet/scene0000_00/pose/216.txt
[ 2.917453    2.973539    1.35981     0.02869807  0.8556325  -0.51671978
 -0.00837334]
data/scannet/scene0000_00/pose/218.txt
[ 2.966662    2.972814    1.358012    0.03475886  0.85513439 -0.51708761
 -0.01254598]
data/scannet/scene0000_00/pose/220.txt
[ 3.022149    2.969948    1.360915    0.04496512  0.85600783 -0.51477034
 -0.01549927]
data/scannet/scene0000_00/pose/222.txt
[ 3.05943     2.964875    1.373562    0.05259542  0.85732267 -0.5119335
 -0.01247576]
data/scannet/scene0000_00/pose/224.txt
[ 3.110188    2.960359    1.368158    0.06040979  0.85645877 -0.51231792
 -0.01895713]
data/scannet/scene0000_00/pose/226.txt
[ 3.151108    2.952298    1.372721    0.06369974  0.85543136 -0.51335596
 -0.02540064]
data/scannet/scene0000_00/pose/228.txt
[ 3.191739    2.938856    1.376634    0.06412092  0.85567643 -0.51271436
 -0.02881551]
data/scannet/scene0000_00/pose/230.txt
[ 3.232494    2.934697    1.36722     0.05880023  0.85046018 -0.52186395
 -0.03029919]
data/scannet/scene0000_00/pose/232.txt
[ 3.26367     2.917425    1.367286    0.05607309  0.85156731 -0.51999452
 -0.03598101]
data/scannet/scene0000_00/pose/234.txt
[ 3.291885    2.899189    1.36341     0.05719159  0.8507415  -0.52080428
 -0.0416043 ]
data/scannet/scene0000_00/pose/236.txt
[ 3.318919    2.878493    1.36307     0.06225936  0.84950286 -0.52170786
 -0.04784946]
data/scannet/scene0000_00/pose/238.txt
[ 3.347987    2.854227    1.364874    0.07307464  0.84628549 -0.525363
 -0.04954476]
data/scannet/scene0000_00/pose/240.txt
[ 3.396641    2.820357    1.358235    0.08670225  0.83779829 -0.53688667
 -0.0482643 ]
data/scannet/scene0000_00/pose/242.txt
[ 3.417729    2.791925    1.372135    0.09083097  0.83857119 -0.53455591
 -0.05289681]
data/scannet/scene0000_00/pose/244.txt
[ 3.451935    2.767334    1.375652    0.09499414  0.83435162 -0.53961462
 -0.06041159]
data/scannet/scene0000_00/pose/246.txt
[ 3.482862    2.746981    1.377812    0.09655723  0.83605861 -0.53649289
 -0.06211347]
data/scannet/scene0000_00/pose/248.txt
[ 3.51187     2.725423    1.383579    0.09791134  0.83691811 -0.53430928
 -0.06704511]
data/scannet/scene0000_00/pose/250.txt
[ 3.549992    2.710055    1.372191    0.10348038  0.83239705 -0.5393887
 -0.07393768]
data/scannet/scene0000_00/pose/252.txt
[ 3.578463    2.693506    1.37492     0.11201197  0.82987129 -0.5407963
 -0.07941233]
data/scannet/scene0000_00/pose/254.txt
[ 3.603956    2.679176    1.375473    0.12080377  0.82672503 -0.54262028
 -0.08657595]
data/scannet/scene0000_00/pose/256.txt
[ 3.637532    2.665815    1.378398    0.13039397  0.82429219 -0.54267518
 -0.09509702]
data/scannet/scene0000_00/pose/258.txt
[ 3.674545    2.653742    1.385303    0.13941994  0.82080611 -0.54468216
 -0.10080059]
data/scannet/scene0000_00/pose/260.txt
[ 3.710635    2.64662     1.387151    0.14893835  0.81610619 -0.54832453
 -0.10549057]
data/scannet/scene0000_00/pose/262.txt
[ 3.767701    2.634339    1.388997    0.17038277  0.80639459 -0.55460347
 -0.11450969]
data/scannet/scene0000_00/pose/264.txt
[ 3.813497    2.621776    1.388449    0.17996494  0.80751175 -0.54946186
 -0.11674354]
data/scannet/scene0000_00/pose/266.txt
[ 3.854044    2.61013     1.386077    0.18288988  0.81204602 -0.54152072
 -0.11784677]
data/scannet/scene0000_00/pose/268.txt
[ 3.891358    2.594238    1.390191    0.18360468  0.81333179 -0.53867969
 -0.12085076]
data/scannet/scene0000_00/pose/270.txt
[ 3.921387    2.578126    1.389362    0.18551607  0.8130413  -0.53747078
 -0.12519104]
data/scannet/scene0000_00/pose/272.txt
[ 3.949288    2.565348    1.384202    0.18946123  0.8112542  -0.53821283
 -0.12766372]
data/scannet/scene0000_00/pose/274.txt
[ 3.965784    2.555427    1.377293    0.1892804   0.81144417 -0.53741088
 -0.13008009]
data/scannet/scene0000_00/pose/276.txt
[ 3.980692    2.542828    1.37243     0.1870271   0.81480957 -0.53211228
 -0.13402516]
data/scannet/scene0000_00/pose/278.txt
[ 3.99111     2.534048    1.363823    0.18257486  0.81914869 -0.52551465
 -0.13962877]
data/scannet/scene0000_00/pose/280.txt
[ 3.992023    2.52697     1.361343    0.17779758  0.82325094 -0.519141
 -0.14539099]
data/scannet/scene0000_00/pose/282.txt
[ 4.008467    2.518376    1.359627    0.17558791  0.82313341 -0.51871065
 -0.15019834]
data/scannet/scene0000_00/pose/284.txt
[ 4.016009    2.516912    1.357742    0.16917582  0.82409521 -0.51957825
 -0.14928188]
data/scannet/scene0000_00/pose/286.txt
[ 4.020478    2.519531    1.356905    0.16328739  0.82627477 -0.51888641
 -0.14616475]
data/scannet/scene0000_00/pose/288.txt
[ 4.018259    2.524831    1.359692    0.15760369  0.82897648 -0.51804818
 -0.13994698]
data/scannet/scene0000_00/pose/290.txt
[ 4.002711    2.538156    1.36102     0.15046108  0.83126131 -0.51899795
 -0.13041173]
data/scannet/scene0000_00/pose/292.txt
[ 3.995571    2.542746    1.374046    0.14973109  0.83216667 -0.51877158
 -0.12631422]
data/scannet/scene0000_00/pose/294.txt
[ 3.979829    2.551405    1.384931    0.15346196  0.83126139 -0.52051317
 -0.1204988 ]
data/scannet/scene0000_00/pose/296.txt
[ 3.959576    2.564207    1.393975    0.15776158  0.82902791 -0.52473597
 -0.11169679]
data/scannet/scene0000_00/pose/298.txt
[ 3.937048    2.578272    1.406274    0.16080604  0.82689349 -0.52919681
 -0.10168236]
data/scannet/scene0000_00/pose/300.txt
[ 3.909958    2.60139     1.410293    0.16219462  0.82315611 -0.53588375
 -0.09452794]
data/scannet/scene0000_00/pose/302.txt
[ 3.874937    2.624805    1.424203    0.16171735  0.82015016 -0.54131554
 -0.09043619]
data/scannet/scene0000_00/pose/304.txt
[ 3.833417    2.658905    1.424857    0.158689    0.81792076 -0.54619971
 -0.08654079]
data/scannet/scene0000_00/pose/306.txt
[ 3.791867    2.694317    1.420629    0.15400757  0.8200489  -0.54562321
 -0.07808192]
data/scannet/scene0000_00/pose/308.txt
[ 3.725038    2.751883    1.411897    0.13695465  0.82448631 -0.54509965
 -0.06581885]
data/scannet/scene0000_00/pose/310.txt
[ 3.683566    2.787926    1.405629    0.12464349  0.82801142 -0.5429393
 -0.06385932]
data/scannet/scene0000_00/pose/312.txt
[ 3.64678     2.821335    1.399432    0.11364405  0.83353005 -0.53734943
 -0.05973509]
data/scannet/scene0000_00/pose/314.txt
[ 3.610425    2.847662    1.404886    0.10347527  0.83973686 -0.53103838
 -0.0461856 ]
data/scannet/scene0000_00/pose/316.txt
[ 3.582202    2.866833    1.413193    0.09286553  0.84588712 -0.52432943
 -0.03048988]
data/scannet/scene0000_00/pose/318.txt
[ 3.543935    2.883016    1.424573    0.07877659  0.84383245 -0.53056738
 -0.0154696 ]
data/scannet/scene0000_00/pose/320.txt
[ 3.49900900e+00  2.89715200e+00  1.43407700e+00  6.66841580e-02
  8.43540092e-01 -5.32908087e-01 -1.51919305e-03]
data/scannet/scene0000_00/pose/322.txt
[ 3.465173    2.905254    1.433391    0.0554107   0.84277511 -0.53535823
  0.00716472]
data/scannet/scene0000_00/pose/324.txt
[ 3.42292     2.91404     1.427841    0.04156265  0.8407907  -0.5396237
  0.01223907]
data/scannet/scene0000_00/pose/326.txt
[ 3.380636    2.915696    1.420581    0.02673786  0.8423448  -0.53815345
  0.01145345]
data/scannet/scene0000_00/pose/328.txt
[ 3.33286     2.922205    1.416667    0.01012516  0.84386289 -0.53632475
  0.01219274]
data/scannet/scene0000_00/pose/330.txt
[ 3.27473     2.92663     1.411243   -0.00415856  0.84560488 -0.5336123
  0.01389242]
data/scannet/scene0000_00/pose/332.txt
[ 3.232087    2.929525    1.41781    -0.01280586  0.84830302 -0.52909249
  0.01670688]
data/scannet/scene0000_00/pose/334.txt
[ 3.180181    2.935395    1.423752   -0.02085173  0.84717233 -0.53038486
  0.02358258]
data/scannet/scene0000_00/pose/336.txt
[ 3.127698    2.938944    1.430877   -0.02891535  0.84441317 -0.53426667
  0.0262567 ]
data/scannet/scene0000_00/pose/338.txt
[ 3.078835    2.945518    1.428504   -0.03320574  0.84100688 -0.53916241
  0.03014452]
data/scannet/scene0000_00/pose/340.txt
[ 3.03673     2.950902    1.429678   -0.03980979  0.84024564 -0.53951008
  0.03648725]
data/scannet/scene0000_00/pose/342.txt
[ 2.993575    2.963419    1.412784   -0.05009187  0.83896839 -0.54050692
  0.03840728]
data/scannet/scene0000_00/pose/344.txt
[ 2.940591    2.974667    1.401719   -0.06125829  0.83747455 -0.54110072
  0.04575812]
data/scannet/scene0000_00/pose/346.txt
[ 2.882863    2.98893     1.38841    -0.07427825  0.83693392 -0.53931041
  0.05629058]
data/scannet/scene0000_00/pose/348.txt
[ 2.831617    2.991185    1.385873   -0.08750025  0.84596341 -0.5219396
  0.06533499]
data/scannet/scene0000_00/pose/350.txt
[ 2.774188    2.98553     1.395771   -0.10123494  0.84834108 -0.5141547
  0.07558989]
data/scannet/scene0000_00/pose/352.txt
[ 2.733328    2.987749    1.38876    -0.1122669   0.84527391 -0.51602432
  0.08140677]
data/scannet/scene0000_00/pose/354.txt
[ 2.68712     2.980934    1.386092   -0.12086209  0.84516998 -0.51275132
  0.09036674]
data/scannet/scene0000_00/pose/356.txt
[ 2.622605    2.959229    1.383824   -0.12871794  0.84351285 -0.5111445
  0.10319433]
data/scannet/scene0000_00/pose/358.txt
[ 2.574953    2.937864    1.377054   -0.13564042  0.84165357 -0.51141349
  0.10806108]
data/scannet/scene0000_00/pose/360.txt
[ 2.533024    2.905333    1.381418   -0.1434675   0.84038399 -0.51164278
  0.10674023]
data/scannet/scene0000_00/pose/362.txt
[ 2.498194    2.87739     1.378192   -0.15156183  0.83714514 -0.51618318
  0.09885323]
data/scannet/scene0000_00/pose/364.txt
[ 2.4619      2.84247     1.380854   -0.16275413  0.83402164 -0.5192487
  0.09110313]
data/scannet/scene0000_00/pose/366.txt
[ 2.433713    2.814576    1.380654   -0.16822588  0.83463523 -0.5171789
  0.08723571]
data/scannet/scene0000_00/pose/368.txt
[ 2.410151    2.783009    1.394483   -0.17699822  0.83641375 -0.51064109
  0.09126523]
data/scannet/scene0000_00/pose/370.txt
[ 2.364233    2.747554    1.396455   -0.18755891  0.83316491 -0.50989667
  0.10326317]
data/scannet/scene0000_00/pose/372.txt
[ 2.34276     2.721161    1.413543   -0.19574843  0.83104897 -0.50799784
  0.11392261]
data/scannet/scene0000_00/pose/374.txt
[ 2.312965    2.695156    1.41508    -0.20712049  0.82591907 -0.50958599
  0.12361594]
data/scannet/scene0000_00/pose/376.txt
[ 2.28773     2.667661    1.418475   -0.21555225  0.82226124 -0.51096052
  0.12783985]
data/scannet/scene0000_00/pose/378.txt
[ 2.264635    2.638032    1.426808   -0.22509037  0.81858126 -0.5112605
  0.13368527]
data/scannet/scene0000_00/pose/380.txt
[ 2.232307    2.605193    1.418638   -0.23821314  0.81061858 -0.51456505
  0.14620131]
data/scannet/scene0000_00/pose/382.txt
[ 2.209741    2.573182    1.428303   -0.25169866  0.80394331 -0.51595883
  0.15527211]
data/scannet/scene0000_00/pose/384.txt
[ 2.182661    2.53892     1.43256    -0.26668548  0.79679904 -0.51652763
  0.16489194]
data/scannet/scene0000_00/pose/386.txt
[ 2.157289    2.505178    1.435824   -0.28079041  0.79038755 -0.51717602
  0.17021523]
data/scannet/scene0000_00/pose/388.txt
[ 2.137921    2.474727    1.439133   -0.28976063  0.78644414 -0.5166061
  0.1751072 ]
data/scannet/scene0000_00/pose/390.txt
[ 2.115022    2.446172    1.439471   -0.2956072   0.78375972 -0.51296848
  0.18761778]
data/scannet/scene0000_00/pose/392.txt
[ 2.09779     2.421753    1.453746   -0.30243288  0.78094999 -0.50845404
  0.20031465]
data/scannet/scene0000_00/pose/394.txt
[ 2.0806      2.400507    1.452063   -0.30598302  0.77771874 -0.5098459
  0.20392428]
data/scannet/scene0000_00/pose/396.txt
[ 2.066772    2.383929    1.448623   -0.30493408  0.77407963 -0.51718389
  0.20084013]
data/scannet/scene0000_00/pose/398.txt
[ 2.06532     2.374357    1.452781   -0.30409395  0.770548   -0.52358254
  0.19910796]
data/scannet/scene0000_00/pose/400.txt
[ 2.050875    2.369823    1.451244   -0.31596892  0.76607678 -0.51887772
  0.20989504]
data/scannet/scene0000_00/pose/402.txt
[ 2.041857    2.362808    1.455402   -0.32879899  0.76326191 -0.5124784
  0.21607491]
data/scannet/scene0000_00/pose/404.txt
[ 2.030803    2.352907    1.466024   -0.33975688  0.75555488 -0.51465745
  0.22097465]
data/scannet/scene0000_00/pose/406.txt
[ 2.020281    2.347807    1.475087   -0.34838331  0.74838103 -0.51697455
  0.22647785]
data/scannet/scene0000_00/pose/408.txt
[ 2.010946    2.344848    1.480294   -0.35258391  0.74232601 -0.51999752
  0.23289325]
data/scannet/scene0000_00/pose/410.txt
[ 1.990108    2.328527    1.492978   -0.35425793  0.73867297 -0.52015881
  0.24145056]
data/scannet/scene0000_00/pose/412.txt
[ 1.983791    2.320481    1.507963   -0.35126921  0.73579236 -0.52396429
  0.24633507]
data/scannet/scene0000_00/pose/414.txt
[ 1.980442    2.320846    1.518615   -0.34666843  0.73328711 -0.5282651
  0.25109161]
data/scannet/scene0000_00/pose/416.txt
[ 1.972209    2.312716    1.532063   -0.34372092  0.72895827 -0.53381681
  0.25595974]
data/scannet/scene0000_00/pose/418.txt
[ 1.964224    2.30985     1.535899   -0.33576171  0.7246038  -0.54539038
  0.25448524]
data/scannet/scene0000_00/pose/420.txt
[ 1.957626    2.304079    1.546556   -0.32834018  0.72264149 -0.55468131
  0.249621  ]
data/scannet/scene0000_00/pose/422.txt
[ 1.963209    2.305098    1.570089   -0.31977858  0.72100432 -0.56372302
  0.24517501]
data/scannet/scene0000_00/pose/424.txt
[ 1.962027    2.309658    1.582695   -0.31043928  0.71616891 -0.57597226
  0.24286934]
data/scannet/scene0000_00/pose/426.txt
[ 1.97454     2.319227    1.592665   -0.30083196  0.71009392 -0.59103611
  0.23652288]
data/scannet/scene0000_00/pose/428.txt
[ 1.978272    2.330051    1.609361   -0.29508345  0.70457854 -0.60244871
  0.23140958]
data/scannet/scene0000_00/pose/430.txt
[ 1.998145    2.360752    1.605249   -0.29420455  0.69755656 -0.61312826
  0.22568177]
data/scannet/scene0000_00/pose/432.txt
[ 2.008008    2.377703    1.629585   -0.29310722  0.69124172 -0.62002823
  0.2276797 ]
data/scannet/scene0000_00/pose/434.txt
[ 2.016978    2.402653    1.625865   -0.28944541  0.6865561  -0.62561206
  0.23123931]
data/scannet/scene0000_00/pose/436.txt
[ 2.028291    2.427765    1.622393   -0.28694878  0.68722195 -0.62564904
  0.23227067]
data/scannet/scene0000_00/pose/438.txt
[ 2.03252     2.445457    1.628359   -0.28435989  0.68749952 -0.62574783
  0.23435766]
data/scannet/scene0000_00/pose/440.txt
[ 2.045715    2.471771    1.608921   -0.27402606  0.68698188 -0.63331054
  0.22777923]
data/scannet/scene0000_00/pose/442.txt
[ 2.042233    2.475134    1.607877   -0.26352398  0.68882345 -0.63800201
  0.22142901]
data/scannet/scene0000_00/pose/444.txt
[ 2.048032    2.487542    1.60961    -0.25437401  0.69114389 -0.64192257
  0.21342305]
data/scannet/scene0000_00/pose/446.txt
[ 2.057571    2.507686    1.609977   -0.24724548  0.69639201 -0.64148974
  0.20590956]
data/scannet/scene0000_00/pose/448.txt
[ 2.060058    2.523654    1.604641   -0.2431099   0.69888552 -0.64108457
  0.20363491]
data/scannet/scene0000_00/pose/450.txt
[ 2.065269    2.528477    1.628604   -0.24112169  0.70089744 -0.63963274
  0.20364936]
data/scannet/scene0000_00/pose/452.txt
[ 2.0711      2.54535     1.634705   -0.23855013  0.69625189 -0.64488471
  0.20603604]
data/scannet/scene0000_00/pose/454.txt
[ 2.073188    2.557559    1.637739   -0.23964942  0.69388129 -0.646175
  0.2086978 ]
data/scannet/scene0000_00/pose/456.txt
[ 2.076085    2.568534    1.641106   -0.24266974  0.69240011 -0.64514238
  0.21327163]
data/scannet/scene0000_00/pose/458.txt
[ 2.0868      2.586015    1.634122   -0.24596641  0.68980171 -0.64537624
  0.2171719 ]
data/scannet/scene0000_00/pose/460.txt
[ 2.102556    2.603072    1.62707    -0.25115303  0.68951602 -0.64254466
  0.22051341]
data/scannet/scene0000_00/pose/462.txt
[ 2.112471    2.615944    1.606375   -0.25715005  0.6896508  -0.63822332
  0.22566927]
data/scannet/scene0000_00/pose/464.txt
[ 2.128341    2.634159    1.572066   -0.26343528  0.69527307 -0.62907068
  0.22686405]
data/scannet/scene0000_00/pose/466.txt
[ 2.131934    2.636187    1.551328   -0.27403116  0.70438983 -0.61350017
  0.22882182]
data/scannet/scene0000_00/pose/468.txt
[ 2.147915    2.643615    1.535382   -0.28495001  0.7138136  -0.59808419
  0.22708793]
data/scannet/scene0000_00/pose/470.txt
[ 2.153152    2.646904    1.542942   -0.29183676  0.72386969 -0.58183236
  0.2287249 ]
data/scannet/scene0000_00/pose/472.txt
[ 2.155022    2.644763    1.517444   -0.29454913  0.72948355 -0.57408696
  0.22697736]
data/scannet/scene0000_00/pose/474.txt
[ 2.16725     2.641153    1.503716   -0.29379479  0.73768566 -0.56525589
  0.22358502]
data/scannet/scene0000_00/pose/476.txt
[ 2.168699    2.630216    1.490082   -0.29548458  0.74457769 -0.55602519
  0.22165045]
data/scannet/scene0000_00/pose/478.txt
[ 2.183671    2.622192    1.481922   -0.2974082   0.7500727  -0.54903583
  0.21794256]
data/scannet/scene0000_00/pose/480.txt
[ 2.198111    2.606194    1.479612   -0.30105995  0.75424435 -0.54073727
  0.21927511]
data/scannet/scene0000_00/pose/482.txt
[ 2.201262    2.594698    1.45358    -0.31044994  0.75402032 -0.5350706
  0.22084755]
data/scannet/scene0000_00/pose/484.txt
[ 2.219484    2.585147    1.450071   -0.32188964  0.75889986 -0.52179513
  0.21951743]
data/scannet/scene0000_00/pose/486.txt
[ 2.23046     2.57496     1.437932   -0.33271573  0.75901143 -0.51316035
  0.22331222]
data/scannet/scene0000_00/pose/488.txt
[ 2.24378     2.562844    1.422769   -0.33908283  0.75980414 -0.50719854
  0.22465562]
data/scannet/scene0000_00/pose/490.txt
[ 2.257842    2.545836    1.421153   -0.34200484  0.76367777 -0.5004447
  0.22222527]
data/scannet/scene0000_00/pose/492.txt
[ 2.268658    2.535012    1.410784   -0.34298166  0.76600817 -0.49656717
  0.22139582]
data/scannet/scene0000_00/pose/494.txt
[ 2.287144    2.52639     1.409225   -0.34424747  0.76754886 -0.49296211
  0.22215036]
data/scannet/scene0000_00/pose/496.txt
[ 2.301836    2.517838    1.408919   -0.34898525  0.7654831  -0.49276931
  0.22231358]
data/scannet/scene0000_00/pose/498.txt
[ 2.31735     2.513069    1.408549   -0.35300713  0.76150595 -0.49607333
  0.22227439]
data/scannet/scene0000_00/pose/500.txt
[ 2.326525    2.508022    1.409025   -0.35569538  0.75968449 -0.49593979
  0.22450834]
data/scannet/scene0000_00/pose/502.txt
[ 2.330531    2.509067    1.395283   -0.36027812  0.7592613  -0.49426625
  0.22231245]
data/scannet/scene0000_00/pose/504.txt
[ 2.342394    2.507933    1.394069   -0.36403696  0.76482701 -0.48408374
  0.21949869]
data/scannet/scene0000_00/pose/506.txt
[ 2.350676    2.510772    1.382651   -0.36767326  0.76730888 -0.47884882
  0.21623427]
data/scannet/scene0000_00/pose/508.txt
[ 2.36226     2.518811    1.377507   -0.37231832  0.7705553  -0.472464
  0.2107163 ]
data/scannet/scene0000_00/pose/510.txt
[ 2.377285    2.531311    1.369337   -0.3746173   0.77407802 -0.46799549
  0.20358123]
data/scannet/scene0000_00/pose/512.txt
[ 2.382514    2.54742     1.356639   -0.37458717  0.77629981 -0.46627531
  0.19907383]
data/scannet/scene0000_00/pose/514.txt
[ 2.397715    2.573876    1.349541   -0.37234284  0.7803982  -0.4633345
  0.19406338]
data/scannet/scene0000_00/pose/516.txt
[ 2.411613    2.606356    1.343681   -0.36920239  0.78517434 -0.45891304
  0.19128427]
data/scannet/scene0000_00/pose/518.txt
[ 2.425537    2.64531     1.336375   -0.36499657  0.78988421 -0.45532343
  0.18852322]
data/scannet/scene0000_00/pose/520.txt
[ 2.447077    2.689826    1.336132   -0.3597852   0.7968297  -0.44931626
  0.18366254]
data/scannet/scene0000_00/pose/522.txt
[ 2.462843    2.728487    1.329333   -0.35096714  0.80193631 -0.44941232
  0.17818188]
data/scannet/scene0000_00/pose/524.txt
[ 2.479404    2.762691    1.328328   -0.34096613  0.81006305 -0.44530772
  0.171     ]
data/scannet/scene0000_00/pose/526.txt
[ 2.499364    2.793985    1.326721   -0.33050065  0.81608556 -0.44451874
  0.16485377]
data/scannet/scene0000_00/pose/528.txt
[ 2.518454    2.820456    1.327003   -0.32502445  0.81896433 -0.44428358
  0.162076  ]
data/scannet/scene0000_00/pose/530.txt
[ 2.541718    2.850052    1.33088    -0.32167937  0.81956002 -0.44759848
  0.15652273]
data/scannet/scene0000_00/pose/532.txt
[ 2.560344    2.871652    1.326493   -0.31544804  0.81719142 -0.45709474
  0.15412694]
data/scannet/scene0000_00/pose/534.txt
[ 2.580908    2.88784     1.321643   -0.30620202  0.81786372 -0.46425618
  0.14766673]
data/scannet/scene0000_00/pose/536.txt
[ 2.605504    2.899738    1.320662   -0.29343818  0.819671   -0.47093441
  0.14231748]
data/scannet/scene0000_00/pose/538.txt
[ 2.637847    2.913608    1.321767   -0.27667398  0.82136471 -0.47932969
  0.13803825]
data/scannet/scene0000_00/pose/540.txt
[ 2.668274    2.924776    1.3259     -0.26157732  0.82387794 -0.48376197
  0.13702851]
data/scannet/scene0000_00/pose/542.txt
[ 2.70196     2.93727     1.325446   -0.24421582  0.82584013 -0.4891491
  0.13812993]
data/scannet/scene0000_00/pose/544.txt
[ 2.753301    2.943282    1.338481   -0.2280751   0.83145542 -0.48888107
  0.13288688]
data/scannet/scene0000_00/pose/546.txt
[ 2.801255    2.952815    1.347353   -0.20722465  0.83214265 -0.49851541
  0.12680276]
data/scannet/scene0000_00/pose/548.txt
[ 2.873908    2.970783    1.365783   -0.17577724  0.83172329 -0.51191584
  0.12361596]
data/scannet/scene0000_00/pose/550.txt
[ 2.914597    2.989337    1.367523   -0.16772205  0.83231183 -0.51248808
  0.12838342]
data/scannet/scene0000_00/pose/552.txt
[ 2.952505    3.00756     1.373864   -0.16340776  0.83217267 -0.51353484
  0.13064654]
data/scannet/scene0000_00/pose/554.txt
[ 2.997089    3.021716    1.379567   -0.15048672  0.83263666 -0.51852844
  0.12328097]
data/scannet/scene0000_00/pose/556.txt
[ 3.034145    3.041367    1.374682   -0.13057119  0.8316326  -0.52716671
  0.11590365]
data/scannet/scene0000_00/pose/558.txt
[ 3.080269    3.056121    1.376532   -0.1109119   0.83251191 -0.53256042
  0.10488977]
data/scannet/scene0000_00/pose/560.txt
[ 3.124181    3.079659    1.37285    -0.09509261  0.83449973 -0.53417546
  0.09604258]
data/scannet/scene0000_00/pose/562.txt
[ 3.173901    3.107011    1.370748   -0.07939189  0.83600169 -0.53562517
  0.08890324]
data/scannet/scene0000_00/pose/564.txt
[ 3.221989    3.13702     1.364138   -0.0633496   0.83515527 -0.53996462
  0.08331086]
data/scannet/scene0000_00/pose/566.txt
[ 3.271139    3.168751    1.351165   -0.05198644  0.83951217 -0.5350449
  0.07901701]
data/scannet/scene0000_00/pose/568.txt
[ 3.316134    3.196388    1.354515   -0.05290757  0.84647626 -0.52462639
  0.07379623]
data/scannet/scene0000_00/pose/570.txt
[ 3.355051    3.217792    1.364324   -0.06108782  0.85140554 -0.51669072
  0.06638964]
data/scannet/scene0000_00/pose/572.txt
[ 3.383154    3.2341      1.376384   -0.0671552   0.85191479 -0.51604402
  0.05856572]
data/scannet/scene0000_00/pose/574.txt
[ 3.399922    3.250025    1.384697   -0.07010147  0.84720786 -0.52382345
  0.05416293]
data/scannet/scene0000_00/pose/576.txt
[ 3.407522    3.266437    1.387522   -0.07381618  0.84162794 -0.53270577
  0.04937753]
data/scannet/scene0000_00/pose/578.txt
[ 3.411046    3.28073     1.387104   -0.0751913   0.8393692  -0.53649377
  0.04449771]
data/scannet/scene0000_00/pose/580.txt
[ 3.410414    3.29689     1.385068   -0.07690997  0.83803809 -0.53842916
  0.04325578]
data/scannet/scene0000_00/pose/582.txt
[ 3.410386    3.304327    1.388582   -0.07740056  0.83801706 -0.53863748
  0.04007764]
data/scannet/scene0000_00/pose/584.txt
[ 3.408935    3.309683    1.393726   -0.07988212  0.83693016 -0.54016163
  0.03731166]
data/scannet/scene0000_00/pose/586.txt
[ 3.406445    3.318797    1.400226   -0.0852747   0.83262386 -0.54575663
  0.04019252]
data/scannet/scene0000_00/pose/588.txt
[ 3.395754    3.325729    1.407375   -0.09221015  0.82802696 -0.55110516
  0.04638677]
data/scannet/scene0000_00/pose/590.txt
[ 3.386858    3.336745    1.413604   -0.09968078  0.82304983 -0.55660696
  0.05330479]
data/scannet/scene0000_00/pose/592.txt
[ 3.37886     3.342189    1.426134   -0.10696869  0.81936818 -0.55980203
  0.0617671 ]
data/scannet/scene0000_00/pose/594.txt
[ 3.356128    3.347867    1.433203   -0.11440004  0.81495174 -0.56342117
  0.07295801]
data/scannet/scene0000_00/pose/596.txt
[ 3.330076    3.35171     1.437765   -0.11970375  0.81044636 -0.56736465
  0.08333708]
data/scannet/scene0000_00/pose/598.txt
[ 3.304297    3.354909    1.440399   -0.1293218   0.80703716 -0.56857386
  0.09322371]
data/scannet/scene0000_00/pose/600.txt
[ 3.257195    3.3639      1.430381   -0.14629944  0.80263997 -0.56838793
  0.10630485]
data/scannet/scene0000_00/pose/602.txt
[ 3.226306    3.366957    1.4323     -0.16517106  0.8004596  -0.56613294
  0.10712815]
data/scannet/scene0000_00/pose/604.txt
[ 3.196498    3.372766    1.435524   -0.17822967  0.79543033 -0.56825136
  0.11231722]
data/scannet/scene0000_00/pose/606.txt
[ 3.164999    3.377942    1.441661   -0.18827882  0.79102649 -0.5694757
  0.12052223]
data/scannet/scene0000_00/pose/608.txt
[ 3.136926    3.373882    1.450287   -0.1979309   0.79018631 -0.56558891
  0.12860072]
data/scannet/scene0000_00/pose/610.txt
[ 3.103623    3.370892    1.459742   -0.20905314  0.78807569 -0.56228432
  0.13809361]
data/scannet/scene0000_00/pose/612.txt
[ 3.089221    3.36644     1.478502   -0.21843378  0.78475155 -0.56118971
  0.14668942]
data/scannet/scene0000_00/pose/614.txt
[ 3.069886    3.359527    1.486404   -0.22667282  0.77890871 -0.56269892
  0.15903013]
data/scannet/scene0000_00/pose/616.txt
[ 3.053404    3.34854     1.495538   -0.23700943  0.77424474 -0.56227327
  0.16798924]
data/scannet/scene0000_00/pose/618.txt
[ 3.035785    3.330258    1.506177   -0.24826711  0.76683538 -0.56585417
  0.17359723]
data/scannet/scene0000_00/pose/620.txt
[ 3.007561    3.301311    1.505344   -0.25504034  0.75745555 -0.57486301
  0.17535119]
data/scannet/scene0000_00/pose/622.txt
[ 2.99136     3.273581    1.513539   -0.25753559  0.75168067 -0.5827961
  0.17029474]
data/scannet/scene0000_00/pose/624.txt
[ 2.977558    3.246767    1.524481   -0.2630789   0.74293699 -0.5916324
  0.16972103]
data/scannet/scene0000_00/pose/626.txt
[ 2.954296    3.220214    1.531235   -0.27003545  0.73274749 -0.6003468
  0.17246942]
data/scannet/scene0000_00/pose/628.txt
[ 2.943827    3.202576    1.54639    -0.27612319  0.72616879 -0.60365971
  0.17896876]
data/scannet/scene0000_00/pose/630.txt
[ 2.925804    3.187639    1.555871   -0.27762898  0.71805984 -0.60937671
  0.18966349]
data/scannet/scene0000_00/pose/632.txt
[ 2.909311    3.163525    1.578909   -0.27889161  0.71207868 -0.61341437
  0.19719592]
data/scannet/scene0000_00/pose/634.txt
[ 2.896016    3.14791     1.589994   -0.27960649  0.70656088 -0.61750733
  0.20316651]
data/scannet/scene0000_00/pose/636.txt
[ 2.888724    3.134355    1.593794   -0.28092269  0.70392337 -0.61772363
  0.20974234]
data/scannet/scene0000_00/pose/638.txt
[ 2.873859    3.110641    1.605435   -0.28728383  0.70304338 -0.61280286
  0.2183361 ]
data/scannet/scene0000_00/pose/640.txt
[ 2.858284    3.090367    1.599985   -0.29263666  0.69378967 -0.61653677
  0.23000455]
data/scannet/scene0000_00/pose/642.txt
[ 2.846691    3.079576    1.597725   -0.29933027  0.68617598 -0.61829361
  0.23932598]
data/scannet/scene0000_00/pose/644.txt
[ 2.831902    3.060739    1.607387   -0.30887481  0.68322847 -0.61371473
  0.24728412]
data/scannet/scene0000_00/pose/646.txt
[ 2.8147      3.04446     1.610918   -0.3138714   0.6794145  -0.61283032
  0.25361326]
data/scannet/scene0000_00/pose/648.txt
[ 2.802606    3.031358    1.618123   -0.32156553  0.6779279  -0.60884939
  0.25751078]
data/scannet/scene0000_00/pose/650.txt
[ 2.789756    3.016334    1.62388    -0.33028198  0.669478   -0.60929379
  0.26734638]
data/scannet/scene0000_00/pose/652.txt
[ 2.771349    3.009728    1.600099   -0.3383793   0.66282659 -0.60755269
  0.27756096]
data/scannet/scene0000_00/pose/654.txt
[ 2.75252     2.994393    1.601283   -0.34799298  0.66074228 -0.6017208
  0.28328888]
data/scannet/scene0000_00/pose/656.txt
[ 2.742624    2.990664    1.583138   -0.35308094  0.65936212 -0.59936703
  0.28519224]
data/scannet/scene0000_00/pose/658.txt
[ 2.728624    2.972237    1.564271   -0.35927959  0.66544389 -0.58977488
  0.28331641]
data/scannet/scene0000_00/pose/660.txt
[ 2.70744     2.944074    1.570619   -0.3659669   0.67703045 -0.57412998
  0.27941504]
data/scannet/scene0000_00/pose/662.txt
[ 2.699323    2.934445    1.554098   -0.36723062  0.68470242 -0.56577596
  0.27608302]
data/scannet/scene0000_00/pose/664.txt
[ 2.689744    2.92586     1.537699   -0.36950889  0.6919295  -0.55591704
  0.27505089]
data/scannet/scene0000_00/pose/666.txt
[ 2.6782      2.919697    1.52323    -0.37097634  0.69753712 -0.54749276
  0.27580828]
data/scannet/scene0000_00/pose/668.txt
[ 2.667054    2.917084    1.511825   -0.3723616   0.70166072 -0.54137313
  0.27556161]
data/scannet/scene0000_00/pose/670.txt
[ 2.653364    2.913649    1.493014   -0.37079216  0.70754108 -0.53589667
  0.27333778]
data/scannet/scene0000_00/pose/672.txt
[ 2.647176    2.915234    1.477158   -0.37027844  0.71380664 -0.52976033
  0.26968119]
data/scannet/scene0000_00/pose/674.txt
[ 2.646075    2.918221    1.464245   -0.37359962  0.72051665 -0.52156393
  0.26315422]
data/scannet/scene0000_00/pose/676.txt
[ 2.643932    2.922458    1.448251   -0.37759871  0.7237855  -0.51783224
  0.25574115]
data/scannet/scene0000_00/pose/678.txt
[ 2.646338    2.928962    1.43094    -0.37892196  0.73089193 -0.51220467
  0.24466613]
data/scannet/scene0000_00/pose/680.txt
[ 2.648106    2.945167    1.41858    -0.3821078   0.73761077 -0.50313203
  0.23829004]
data/scannet/scene0000_00/pose/682.txt
[ 2.646367    2.988688    1.387748   -0.38554816  0.74111902 -0.49443691
  0.24005699]
data/scannet/scene0000_00/pose/684.txt
[ 2.641642    3.017015    1.370888   -0.39082287  0.74263535 -0.48713759
  0.24175852]
data/scannet/scene0000_00/pose/686.txt
[ 2.639313    3.049946    1.354101   -0.3946579   0.74656428 -0.47806866
  0.2415311 ]
data/scannet/scene0000_00/pose/688.txt
[ 2.638196    3.086609    1.33946    -0.39594599  0.75358194 -0.4664433
  0.2403574 ]
data/scannet/scene0000_00/pose/690.txt
[ 2.642714    3.121211    1.343771   -0.40037429  0.76023235 -0.45235873
  0.23899535]
data/scannet/scene0000_00/pose/692.txt
[ 2.646122    3.161081    1.345231   -0.40779494  0.76137833 -0.4430005
  0.24032663]
data/scannet/scene0000_00/pose/694.txt
[ 2.648104    3.207187    1.342381   -0.41430628  0.76025383 -0.4390273
  0.24004051]
data/scannet/scene0000_00/pose/696.txt
[ 2.65478     3.245311    1.351995   -0.42127463  0.75798305 -0.43674035
  0.23926395]
data/scannet/scene0000_00/pose/698.txt
[ 2.65894     3.281086    1.356036   -0.42393552  0.75531687 -0.43750763
  0.24158264]
data/scannet/scene0000_00/pose/700.txt
[ 2.668084    3.308887    1.373103   -0.42799335  0.75217396 -0.43837891
  0.24265194]
data/scannet/scene0000_00/pose/702.txt
[ 2.675801    3.329354    1.380497   -0.43051189  0.74809653 -0.44275196
  0.24286167]
data/scannet/scene0000_00/pose/704.txt
[ 2.690137    3.357397    1.382873   -0.43257987  0.74518277 -0.44689851
  0.24053902]
data/scannet/scene0000_00/pose/706.txt
[ 2.709348    3.387202    1.383301   -0.43490593  0.74062669 -0.45357491
  0.2379049 ]
data/scannet/scene0000_00/pose/708.txt
[ 2.724293    3.41182     1.378313   -0.43840705  0.73460287 -0.45899334
  0.23975613]
data/scannet/scene0000_00/pose/710.txt
[ 2.746179    3.440557    1.369739   -0.43976005  0.73315938 -0.45846028
  0.24269856]
data/scannet/scene0000_00/pose/712.txt
[ 2.765236    3.456614    1.363481   -0.44004162  0.731913   -0.45550692
  0.25135667]
data/scannet/scene0000_00/pose/714.txt
[ 2.795761    3.467529    1.370481   -0.44157025  0.73101285 -0.45298318
  0.25581666]
data/scannet/scene0000_00/pose/716.txt
[ 2.826215    3.486833    1.370473   -0.43953269  0.73027394 -0.45444901
  0.25881864]
data/scannet/scene0000_00/pose/718.txt
[ 2.848625    3.505123    1.365421   -0.44346322  0.72841829 -0.4512654
  0.26288156]
data/scannet/scene0000_00/pose/720.txt
[ 2.882596    3.515146    1.37519    -0.44347224  0.733531   -0.44649631
  0.25672102]
data/scannet/scene0000_00/pose/722.txt
[ 2.898166    3.523046    1.369858   -0.44014999  0.73396038 -0.45086038
  0.2535647 ]
data/scannet/scene0000_00/pose/724.txt
[ 2.916085    3.537116    1.371367   -0.44160138  0.7350845  -0.44858153
  0.25182058]
data/scannet/scene0000_00/pose/726.txt
[ 2.9238      3.544901    1.371874   -0.44337219  0.73659289 -0.44505663
  0.25055262]
data/scannet/scene0000_00/pose/728.txt
[ 2.925215    3.55642     1.366493   -0.44033297  0.73795673 -0.44661146
  0.24912837]
data/scannet/scene0000_00/pose/730.txt
[ 2.932938    3.568135    1.376072   -0.43706974  0.74369363 -0.44327054
  0.24372333]
data/scannet/scene0000_00/pose/732.txt
[ 2.915915    3.575068    1.36741    -0.43428088  0.74689073 -0.44389674
  0.23771841]
data/scannet/scene0000_00/pose/734.txt
[ 2.901404    3.584715    1.369997   -0.42878233  0.75190891 -0.44457481
  0.23050366]
data/scannet/scene0000_00/pose/736.txt
[ 2.87777     3.59401     1.37267    -0.4220797   0.75585589 -0.44821232
  0.22279209]
data/scannet/scene0000_00/pose/738.txt
[ 2.841929    3.608903    1.369877   -0.41452429  0.75819076 -0.45487924
  0.2154095 ]
data/scannet/scene0000_00/pose/740.txt
[ 2.814304    3.636571    1.377685   -0.40607316  0.76281629 -0.4576665
  0.20918239]
data/scannet/scene0000_00/pose/742.txt
[ 2.753179    3.68263     1.367151   -0.39914824  0.76672077 -0.45507472
  0.2138386 ]
data/scannet/scene0000_00/pose/744.txt
[ 2.719095    3.700894    1.370737   -0.39704253  0.77157828 -0.44903497
  0.21305349]
data/scannet/scene0000_00/pose/746.txt
[ 2.678411    3.713201    1.370953   -0.39649829  0.77222211 -0.44868178
  0.21247772]
data/scannet/scene0000_00/pose/748.txt
[ 2.650648    3.726233    1.378961   -0.39586724  0.77537795 -0.4465048
  0.20666791]
data/scannet/scene0000_00/pose/750.txt
[ 2.616863    3.733981    1.382448   -0.39504814  0.77605113 -0.44697803
  0.20467598]
data/scannet/scene0000_00/pose/752.txt
[ 2.585022    3.742308    1.383656   -0.39398554  0.77687242 -0.4460179
  0.20570044]
data/scannet/scene0000_00/pose/754.txt
[ 2.551306    3.744102    1.386045   -0.39220438  0.7790319  -0.44319716
  0.2070297 ]
data/scannet/scene0000_00/pose/756.txt
[ 2.51261     3.742068    1.384815   -0.39025312  0.77994018 -0.44196832
  0.2099043 ]
data/scannet/scene0000_00/pose/758.txt
[ 2.475577    3.742948    1.386554   -0.38792044  0.78146461 -0.43994552
  0.21278801]
data/scannet/scene0000_00/pose/760.txt
[ 2.429946    3.737175    1.389236   -0.38661426  0.78128954 -0.43875208
  0.2182033 ]
data/scannet/scene0000_00/pose/762.txt
[ 2.392111    3.738101    1.38827    -0.38660749  0.77967631 -0.44040128
  0.22064954]
data/scannet/scene0000_00/pose/764.txt
[ 2.349326    3.743575    1.379343   -0.39038455  0.77641965 -0.44068241
  0.22488095]
data/scannet/scene0000_00/pose/766.txt
[ 2.302641    3.749416    1.368892   -0.39903547  0.77289282 -0.43604027
  0.23081654]
data/scannet/scene0000_00/pose/768.txt
[ 2.268412    3.752011    1.369213   -0.40988776  0.77378022 -0.42465455
  0.23005373]
data/scannet/scene0000_00/pose/770.txt
[ 2.23776     3.748958    1.374184   -0.41801266  0.7742599  -0.41518738
  0.23109839]
data/scannet/scene0000_00/pose/772.txt
[ 2.218205    3.752952    1.379966   -0.42315953  0.77454643 -0.40729961
  0.23477834]
data/scannet/scene0000_00/pose/774.txt
[ 2.20047     3.757407    1.387146   -0.42785416  0.77487279 -0.3987439
  0.23982553]
data/scannet/scene0000_00/pose/776.txt
[ 2.183343    3.761573    1.388812   -0.43128256  0.77222046 -0.39583122
  0.2469586 ]
data/scannet/scene0000_00/pose/778.txt
[ 2.166463    3.763331    1.390955   -0.4337221   0.77034672 -0.39419186
  0.25112516]
data/scannet/scene0000_00/pose/780.txt
[ 2.150489    3.770295    1.398984   -0.43468982  0.77005674 -0.39289906
  0.25236425]
data/scannet/scene0000_00/pose/782.txt
[ 2.136767    3.77807     1.39922    -0.43435872  0.76863706 -0.39531039
  0.25349412]
data/scannet/scene0000_00/pose/784.txt
[ 2.124073    3.785986    1.398588   -0.43483581  0.76741429 -0.3975336
  0.25290346]
data/scannet/scene0000_00/pose/786.txt
[ 2.119253    3.799016    1.402113   -0.43563563  0.7663926  -0.39968246
  0.2512328 ]
data/scannet/scene0000_00/pose/788.txt
[ 2.111659    3.815019    1.405813   -0.43868206  0.76240639 -0.40303965
  0.25269266]
data/scannet/scene0000_00/pose/790.txt
[ 2.103733    3.834998    1.406476   -0.44230662  0.75770226 -0.40601566
  0.25574094]
data/scannet/scene0000_00/pose/792.txt
[ 2.09325     3.867373    1.412057   -0.45101202  0.7508121  -0.40585858
  0.26105203]
data/scannet/scene0000_00/pose/794.txt
[ 2.08083     3.89479     1.411655   -0.45759952  0.74477294 -0.40595358
  0.26667892]
data/scannet/scene0000_00/pose/796.txt
[ 2.073184    3.92161     1.415766   -0.4644475   0.74015791 -0.40396581
  0.2706777 ]
data/scannet/scene0000_00/pose/798.txt
[ 2.067862    3.943795    1.41863    -0.47004344  0.73568706 -0.40269481
  0.27506475]
data/scannet/scene0000_00/pose/800.txt
[ 2.066907    3.963778    1.425428   -0.47197091  0.73204553 -0.40325183
  0.28060784]
data/scannet/scene0000_00/pose/802.txt
[ 2.056415    3.974513    1.422129   -0.4733142   0.72656177 -0.40507671
  0.2898181 ]
data/scannet/scene0000_00/pose/804.txt
[ 2.062619    3.982002    1.429195   -0.4739565   0.72435819 -0.40686469
  0.29177314]
data/scannet/scene0000_00/pose/806.txt
[ 2.062876    3.98798     1.43271    -0.4729559   0.71936826 -0.41564312
  0.29336466]
data/scannet/scene0000_00/pose/808.txt
[ 2.076296    3.994277    1.437712   -0.47221445  0.7150194  -0.42332277
  0.29420844]
data/scannet/scene0000_00/pose/810.txt
[ 2.103782    4.006975    1.449207   -0.47203787  0.71072275 -0.4299346
  0.29531281]
data/scannet/scene0000_00/pose/812.txt
[ 2.117467    4.009315    1.445542   -0.47066634  0.70642649 -0.43672722
  0.29783241]
data/scannet/scene0000_00/pose/814.txt
[ 2.141369    4.00224     1.446003   -0.46817151  0.70351081 -0.44199637
  0.30087737]
data/scannet/scene0000_00/pose/816.txt
[ 2.17551     4.002749    1.448411   -0.46434556  0.70312738 -0.44657068
  0.30094803]
data/scannet/scene0000_00/pose/818.txt
[ 2.208239    3.998881    1.451331   -0.45940118  0.70073123 -0.45202567
  0.3059397 ]
data/scannet/scene0000_00/pose/820.txt
[ 2.251183    3.98675     1.457312   -0.45698386  0.69886552 -0.4534306
  0.31169445]
data/scannet/scene0000_00/pose/822.txt
[ 2.295143    3.980988    1.458307   -0.45544852  0.69808571 -0.45514053
  0.31319338]
data/scannet/scene0000_00/pose/824.txt
[ 2.332847    3.971269    1.465319   -0.45293102  0.69646451 -0.4582572
  0.31589717]
data/scannet/scene0000_00/pose/826.txt
[ 2.36911     3.964572    1.471986   -0.45026681  0.69332315 -0.46339093
  0.31911073]
data/scannet/scene0000_00/pose/828.txt
[ 2.406221    3.965384    1.472868   -0.44931036  0.69080778 -0.46776738
  0.31952856]
data/scannet/scene0000_00/pose/830.txt
[ 2.438914    3.946476    1.476934   -0.44959184  0.68912067 -0.46979803
  0.31979634]
data/scannet/scene0000_00/pose/832.txt
[ 2.477973    3.94777     1.48072    -0.44695381  0.68966241 -0.47401125
  0.31608761]
data/scannet/scene0000_00/pose/834.txt
[ 2.513239    3.936771    1.484504   -0.44405067  0.68993075 -0.47991332
  0.31064092]
data/scannet/scene0000_00/pose/836.txt
[ 2.544087    3.930389    1.478657   -0.44110569  0.68939377 -0.48791312
  0.30348441]
data/scannet/scene0000_00/pose/838.txt
[ 2.588796    3.920107    1.486285   -0.43721162  0.69309685 -0.49249754
  0.29310225]
data/scannet/scene0000_00/pose/840.txt
[ 2.624277    3.906764    1.497405   -0.43100231  0.69292361 -0.49922915
  0.29131451]
data/scannet/scene0000_00/pose/842.txt
[ 2.668057    3.894858    1.518084   -0.42213211  0.69269362 -0.50824557
  0.28925159]
data/scannet/scene0000_00/pose/844.txt
[ 2.701676    3.888367    1.515784   -0.41560669  0.68788085 -0.52072805
  0.28798144]
data/scannet/scene0000_00/pose/846.txt
[ 2.744332    3.877205    1.526026   -0.41078531  0.68523943 -0.52626978
  0.29110559]
data/scannet/scene0000_00/pose/848.txt
[ 2.773047    3.87448     1.516963   -0.40530324  0.68182533 -0.53110637
  0.29794216]
data/scannet/scene0000_00/pose/850.txt
[ 2.813774    3.870717    1.503609   -0.39839204  0.68481912 -0.53191343
  0.29895594]
data/scannet/scene0000_00/pose/852.txt
[ 2.856143    3.860969    1.510553   -0.39114446  0.68763645 -0.53366668
  0.29893478]
data/scannet/scene0000_00/pose/854.txt
[ 2.896585    3.837816    1.514161   -0.38392041  0.68778449 -0.53897225
  0.29844015]
data/scannet/scene0000_00/pose/856.txt
[ 2.948434    3.821556    1.5239     -0.3745964   0.68639075 -0.54828464
  0.29652862]
data/scannet/scene0000_00/pose/858.txt
[ 2.981114    3.788486    1.522699   -0.36923287  0.67861315 -0.55909254
  0.30094322]
data/scannet/scene0000_00/pose/860.txt
[ 3.039735    3.773305    1.520226   -0.36404896  0.67481597 -0.56857846
  0.29801057]
data/scannet/scene0000_00/pose/862.txt
[ 3.087918    3.74386     1.529606   -0.35424833  0.67456479 -0.57768865
  0.29282467]
data/scannet/scene0000_00/pose/864.txt
[ 3.136322    3.717526    1.527004   -0.34185595  0.67214482 -0.5893446
  0.2898772 ]
data/scannet/scene0000_00/pose/866.txt
[ 3.190907    3.695677    1.530002   -0.33343528  0.67896109 -0.59018425
  0.28198459]
data/scannet/scene0000_00/pose/868.txt
[ 3.241486    3.681307    1.555372   -0.33063845  0.6846385  -0.58687192
  0.27844154]
data/scannet/scene0000_00/pose/870.txt
[ 3.273484    3.65518     1.568883   -0.32447733  0.68128475 -0.59424627
  0.27827492]
data/scannet/scene0000_00/pose/872.txt
[ 3.308579    3.637295    1.569322   -0.31664983  0.68153112 -0.60032391
  0.27360448]
data/scannet/scene0000_00/pose/874.txt
[ 3.35525     3.631439    1.588313   -0.31001569  0.68345911 -0.6043695
  0.2674162 ]
data/scannet/scene0000_00/pose/876.txt
[ 3.390468    3.61729     1.606093   -0.30517713  0.67806931 -0.61296756
  0.26713235]
data/scannet/scene0000_00/pose/878.txt
[ 3.441473    3.630535    1.60408    -0.29362386  0.67443349 -0.62525036
  0.26074219]
data/scannet/scene0000_00/pose/880.txt
[ 3.4801      3.626473    1.610078   -0.28237306  0.67677139 -0.62962844
  0.25654233]
data/scannet/scene0000_00/pose/882.txt
[ 3.518559    3.626271    1.632627   -0.27287508  0.6745159  -0.63521918
  0.25896732]
data/scannet/scene0000_00/pose/884.txt
[ 3.567419    3.641911    1.645147   -0.26236659  0.67426462 -0.63894874
  0.2612958 ]
data/scannet/scene0000_00/pose/886.txt
[ 3.600204    3.642905    1.633313   -0.25589428  0.67331845 -0.64317705
  0.25977617]
data/scannet/scene0000_00/pose/888.txt
[ 3.653009    3.649144    1.6316     -0.2476208   0.6796452  -0.64394715
  0.24919552]
data/scannet/scene0000_00/pose/890.txt
[ 3.696064    3.649578    1.619289   -0.23888318  0.68294863 -0.6474921
  0.23931147]
data/scannet/scene0000_00/pose/892.txt
[ 3.737511    3.660567    1.589764   -0.23634817  0.68514594 -0.64881317
  0.2318535 ]
data/scannet/scene0000_00/pose/894.txt
[ 3.780065    3.663524    1.585975   -0.23866195  0.69184648 -0.64146249
  0.23003215]
data/scannet/scene0000_00/pose/896.txt
[ 3.810846    3.669919    1.555864   -0.24239713  0.69614658 -0.63561805
  0.22937581]
data/scannet/scene0000_00/pose/898.txt
[ 3.849       3.667545    1.532691   -0.2465686   0.70634422 -0.62483931
  0.22328816]
data/scannet/scene0000_00/pose/900.txt
[ 3.894357    3.675531    1.537271   -0.24818254  0.7203227  -0.61154748
  0.21342519]
data/scannet/scene0000_00/pose/902.txt
[ 3.942534    3.684148    1.522837   -0.24776477  0.72595474 -0.60642765
  0.20939874]
data/scannet/scene0000_00/pose/904.txt
[ 3.979066    3.687063    1.510278   -0.24525639  0.72884554 -0.60335632
  0.2111744 ]
data/scannet/scene0000_00/pose/906.txt
[ 4.013618    3.691643    1.505026   -0.24364379  0.73432938 -0.59501312
  0.21761766]
data/scannet/scene0000_00/pose/908.txt
[ 4.052726    3.698679    1.495736   -0.24549298  0.73818313 -0.58934741
  0.21791852]
data/scannet/scene0000_00/pose/910.txt
[ 4.084766    3.707066    1.495157   -0.25344595  0.7390915  -0.58544341
  0.21625198]
data/scannet/scene0000_00/pose/912.txt
[ 4.121138    3.72155     1.48053    -0.26121621  0.73853573 -0.58376325
  0.21342807]
data/scannet/scene0000_00/pose/914.txt
[ 4.157484    3.73527     1.479791   -0.26311434  0.74270469 -0.58043797
  0.20555377]
data/scannet/scene0000_00/pose/916.txt
[ 4.188646    3.752854    1.474993   -0.26106422  0.74438657 -0.5820872
  0.19725264]
data/scannet/scene0000_00/pose/918.txt
[ 4.22743     3.78159     1.465017   -0.25420394  0.74596011 -0.58712354
  0.18495895]
data/scannet/scene0000_00/pose/920.txt
[ 4.252723    3.804646    1.459922   -0.24441556  0.74959125 -0.58967542
  0.1750911 ]
data/scannet/scene0000_00/pose/922.txt
[ 4.277123    3.837279    1.440714   -0.2377101   0.75222089 -0.5906932
  0.16952634]
data/scannet/scene0000_00/pose/924.txt
[ 4.30411     3.881982    1.426277   -0.23730768  0.75933802 -0.5828119
  0.16559324]
data/scannet/scene0000_00/pose/926.txt
[ 4.337452    3.921118    1.428646   -0.23740649  0.7670275  -0.57496946
  0.15721671]
data/scannet/scene0000_00/pose/928.txt
[ 4.369934    3.956769    1.41879    -0.23222202  0.77370451 -0.57091653
  0.14665804]
data/scannet/scene0000_00/pose/930.txt
[ 4.411705    3.985175    1.431124   -0.22184104  0.78080596 -0.56710523
  0.13971497]
data/scannet/scene0000_00/pose/932.txt
[ 4.44062     4.011681    1.425884   -0.21415866  0.78239318 -0.56881543
  0.135816  ]
data/scannet/scene0000_00/pose/934.txt
[ 4.470495    4.029555    1.422962   -0.20616522  0.7842644  -0.57045635
  0.13040248]
data/scannet/scene0000_00/pose/936.txt
[ 4.506244    4.047898    1.41586    -0.19836065  0.78291237 -0.5769653
  0.12170584]
data/scannet/scene0000_00/pose/938.txt
[ 4.54628     4.066636    1.404996   -0.19133118  0.78289135 -0.58073012
  0.11500449]
data/scannet/scene0000_00/pose/940.txt
[ 4.585699    4.080332    1.394075   -0.18330161  0.78414205 -0.58260363
  0.10997625]
data/scannet/scene0000_00/pose/942.txt
[ 4.621501    4.087506    1.386427   -0.16951905  0.78620372 -0.58406939
  0.10958992]
data/scannet/scene0000_00/pose/944.txt
[ 4.659658    4.097946    1.374503   -0.15743971  0.78809215 -0.58536047
  0.10712897]
data/scannet/scene0000_00/pose/946.txt
[ 4.705808    4.10126     1.36342    -0.14653221  0.79709795 -0.57878126
  0.09041802]
data/scannet/scene0000_00/pose/948.txt
[ 4.745851    4.101283    1.36497    -0.12414718  0.80748317 -0.57162869
  0.07615144]
data/scannet/scene0000_00/pose/950.txt
[ 4.800547    4.103048    1.373106   -0.10398884  0.81397903 -0.56757347
  0.06696885]
data/scannet/scene0000_00/pose/952.txt
[ 4.838693    4.108519    1.372782   -0.09348791  0.81306508 -0.57156655
  0.05913426]
data/scannet/scene0000_00/pose/954.txt
[ 4.911217    4.126211    1.361592   -0.07814748  0.81244169 -0.57621142
  0.04256615]
data/scannet/scene0000_00/pose/956.txt
[ 4.959712    4.139487    1.349509   -0.06860224  0.81700326 -0.57153665
  0.03384167]
data/scannet/scene0000_00/pose/958.txt
[ 5.009918    4.156022    1.339972   -0.05828741  0.82045181 -0.56807769
  0.02737029]
data/scannet/scene0000_00/pose/960.txt
[ 5.053549    4.17782     1.330912   -0.04817105  0.82364835 -0.56446974
  0.02562927]
data/scannet/scene0000_00/pose/962.txt
[ 5.100607    4.190725    1.322485   -0.03781364  0.83276145 -0.5521193
  0.01558099]
data/scannet/scene0000_00/pose/964.txt
[ 5.13987900e+00  4.19750300e+00  1.32409200e+00 -2.51400222e-02
  8.41149015e-01 -5.40198702e-01  4.65583487e-03]
data/scannet/scene0000_00/pose/966.txt
[ 5.17691700e+00  4.20809700e+00  1.32044200e+00 -1.72606800e-02
  8.45983432e-01 -5.32912895e-01 -4.23648939e-03]
data/scannet/scene0000_00/pose/968.txt
[ 5.202647    4.216366    1.319885   -0.01509985  0.85270685 -0.52210673
 -0.00822059]
data/scannet/scene0000_00/pose/970.txt
[ 5.217773    4.225514    1.313715   -0.01442013  0.85566133 -0.51730693
 -0.00541219]
data/scannet/scene0000_00/pose/972.txt
[ 5.23283100e+00  4.23271700e+00  1.30400000e+00 -1.12226426e-02
  8.58576713e-01 -5.12554064e-01 -2.90043961e-03]
data/scannet/scene0000_00/pose/974.txt
[ 5.24245     4.241055    1.289637   -0.00949658  0.86099441 -0.50849119
 -0.00592861]
data/scannet/scene0000_00/pose/976.txt
[ 5.249249    4.242305    1.282459   -0.00830103  0.865796   -0.50026765
 -0.0077885 ]
data/scannet/scene0000_00/pose/978.txt
[ 5.251264    4.244312    1.27329    -0.00749252  0.87133553 -0.49056224
 -0.00818227]
data/scannet/scene0000_00/pose/980.txt
[ 5.249359    4.239537    1.277615   -0.00735467  0.87665442 -0.48103474
 -0.00533933]
data/scannet/scene0000_00/pose/982.txt
[ 5.24345400e+00  4.24109600e+00  1.27154200e+00 -5.80579605e-03
  8.81059416e-01 -4.72961978e-01 -2.75066648e-03]
data/scannet/scene0000_00/pose/984.txt
[ 5.23547800e+00  4.24396600e+00  1.26391200e+00 -4.46514943e-03
  8.85356707e-01 -4.64888328e-01 -1.55135211e-03]
data/scannet/scene0000_00/pose/986.txt
[ 5.22737600e+00  4.23925700e+00  1.26858600e+00 -7.33859520e-04
  8.89815906e-01 -4.56316772e-01  1.45535694e-03]
data/scannet/scene0000_00/pose/988.txt
[ 5.21271000e+00  4.24142000e+00  1.27267500e+00 -1.21926712e-03
  8.91108919e-01 -4.53651532e-01  1.11218146e-02]
data/scannet/scene0000_00/pose/990.txt
[ 5.20148000e+00  4.24167200e+00  1.28475000e+00 -4.96926162e-03
  8.93040224e-01 -4.49528235e-01  1.94635712e-02]
data/scannet/scene0000_00/pose/992.txt
[ 5.180803    4.246706    1.290334   -0.01172551  0.89426843 -0.44654854
  0.02721946]
data/scannet/scene0000_00/pose/994.txt
[ 5.155193    4.253902    1.297691   -0.02291143  0.893168   -0.44764091
  0.0366552 ]
data/scannet/scene0000_00/pose/996.txt
[ 5.127717    4.263057    1.306427   -0.04110042  0.89098875 -0.45001337
  0.04402021]
data/scannet/scene0000_00/pose/998.txt
[ 5.096514    4.279181    1.309058   -0.06477641  0.88585505 -0.4565319
  0.05141474]
data/scannet/scene0000_00/pose/1000.txt
[ 5.065898    4.300701    1.304926   -0.09211166  0.8801574  -0.46249003
  0.05423434]
data/scannet/scene0000_00/pose/1002.txt
[ 5.032449    4.319913    1.295844   -0.11592053  0.87663746 -0.46390229
  0.05351501]
data/scannet/scene0000_00/pose/1004.txt
[ 5.002422    4.331252    1.290622   -0.12955758  0.87858623 -0.45683934
  0.05097935]
data/scannet/scene0000_00/pose/1006.txt
[ 4.971629    4.335732    1.29134    -0.13859752  0.88012752 -0.45011373
  0.05969845]
data/scannet/scene0000_00/pose/1008.txt
[ 4.946831    4.330984    1.298436   -0.14386467  0.88523306 -0.43688753
  0.06924364]
data/scannet/scene0000_00/pose/1010.txt
[ 4.923568    4.322139    1.310568   -0.1491674   0.88472435 -0.43442213
  0.07930523]
data/scannet/scene0000_00/pose/1012.txt
[ 4.897031    4.311496    1.324768   -0.15755892  0.88156376 -0.43472886
  0.09503339]
data/scannet/scene0000_00/pose/1014.txt
[ 4.869291    4.308054    1.328878   -0.17110589  0.87374277 -0.4407408
  0.11420984]
data/scannet/scene0000_00/pose/1016.txt
[ 4.843036    4.302752    1.331404   -0.18879425  0.86618887 -0.44499297
  0.12670763]
data/scannet/scene0000_00/pose/1018.txt
[ 4.816458    4.291377    1.331316   -0.20808843  0.86006585 -0.44721867
  0.1303127 ]
data/scannet/scene0000_00/pose/1020.txt
[ 4.78371     4.276658    1.326234   -0.22662821  0.85319158 -0.45132456
  0.13042208]
data/scannet/scene0000_00/pose/1022.txt
[ 4.754278    4.263423    1.318303   -0.23730414  0.84964898 -0.45407098
  0.12491157]
data/scannet/scene0000_00/pose/1024.txt
[ 4.71863     4.23913     1.324265   -0.24767615  0.84977703 -0.44642534
  0.13130091]
data/scannet/scene0000_00/pose/1026.txt
[ 4.683616    4.219556    1.332584   -0.25761521  0.84772462 -0.44386291
  0.13410104]
data/scannet/scene0000_00/pose/1028.txt
[ 4.645646    4.192811    1.355672   -0.26206548  0.84369863 -0.44503429
  0.1464199 ]
data/scannet/scene0000_00/pose/1030.txt
[ 4.602547    4.179634    1.369239   -0.26754096  0.83174566 -0.45604632
  0.16924166]
data/scannet/scene0000_00/pose/1032.txt
[ 4.562245    4.163893    1.388086   -0.27492233  0.81669978 -0.47202047
  0.18605338]
data/scannet/scene0000_00/pose/1034.txt
[ 4.525009    4.149642    1.403509   -0.2821344   0.80504461 -0.48296801
  0.1975987 ]
data/scannet/scene0000_00/pose/1036.txt
[ 4.484094    4.139961    1.410366   -0.2920593   0.7930096  -0.49327321
  0.2062006 ]
data/scannet/scene0000_00/pose/1038.txt
[ 4.440995    4.132808    1.414567   -0.30521131  0.78094989 -0.50110992
  0.21413121]
data/scannet/scene0000_00/pose/1040.txt
[ 4.402324    4.127998    1.418396   -0.32085224  0.77082991 -0.5040324
  0.22096704]
data/scannet/scene0000_00/pose/1042.txt
[ 4.361249    4.119129    1.427255   -0.33419103  0.76451925 -0.50115999
  0.22948929]
data/scannet/scene0000_00/pose/1044.txt
[ 4.317351    4.103756    1.437065   -0.34427914  0.75706526 -0.50025778
  0.24096934]
data/scannet/scene0000_00/pose/1046.txt
[ 4.275383    4.083193    1.452291   -0.35124187  0.75018529 -0.49980716
  0.25306913]
data/scannet/scene0000_00/pose/1048.txt
[ 4.243069    4.072194    1.461082   -0.3562901   0.74164693 -0.50164429
  0.26715201]
data/scannet/scene0000_00/pose/1050.txt
[ 4.205663    4.056442    1.463479   -0.36114728  0.7331612  -0.50289335
  0.28132823]
data/scannet/scene0000_00/pose/1052.txt
[ 4.181808    4.037134    1.47925    -0.36365214  0.72972197 -0.49934352
  0.29311946]
data/scannet/scene0000_00/pose/1054.txt
[ 4.160392    4.018026    1.484674   -0.367994    0.72224263 -0.49995206
  0.30494906]
data/scannet/scene0000_00/pose/1056.txt
[ 4.137716    3.9945      1.486344   -0.37445172  0.71331761 -0.50485787
  0.30997167]
data/scannet/scene0000_00/pose/1058.txt
[ 4.116973    3.962926    1.48988    -0.37965717  0.70496021 -0.51424027
  0.30732473]
data/scannet/scene0000_00/pose/1060.txt
[ 4.095971    3.935978    1.482448   -0.38700069  0.69235668 -0.52661695
  0.30585501]
data/scannet/scene0000_00/pose/1062.txt
[ 4.079789    3.913294    1.487903   -0.39229748  0.68277218 -0.53595597
  0.30442738]
data/scannet/scene0000_00/pose/1064.txt
[ 4.064048    3.883095    1.490209   -0.39888435  0.67722762 -0.54122793
  0.29887514]
data/scannet/scene0000_00/pose/1066.txt
[ 4.048416    3.857685    1.506105   -0.40376817  0.66998895 -0.54764553
  0.29693508]
data/scannet/scene0000_00/pose/1068.txt
[ 4.032426    3.839933    1.519481   -0.40738577  0.66085805 -0.55478651
  0.29919124]
data/scannet/scene0000_00/pose/1070.txt
[ 4.012722    3.817636    1.526823   -0.40927213  0.65323315 -0.56031002
  0.30304365]
data/scannet/scene0000_00/pose/1072.txt
[ 3.99563     3.804719    1.543394   -0.40789356  0.64940111 -0.56040025
  0.31281402]
data/scannet/scene0000_00/pose/1074.txt
[ 3.979762    3.794941    1.557875   -0.40525795  0.64391625 -0.56154648
  0.32527436]
data/scannet/scene0000_00/pose/1076.txt
[ 3.96084     3.788433    1.566113   -0.40112974  0.63794518 -0.56338665
  0.33869803]
data/scannet/scene0000_00/pose/1078.txt
[ 3.938834    3.778051    1.585232   -0.3978478   0.63457997 -0.56325524
  0.34895404]
data/scannet/scene0000_00/pose/1080.txt
[ 3.909146    3.757966    1.595416   -0.39584842  0.62443703 -0.56722752
  0.36281587]
data/scannet/scene0000_00/pose/1082.txt
[ 3.889536    3.755615    1.608784   -0.39414786  0.61757584 -0.56967849
  0.37244324]
data/scannet/scene0000_00/pose/1084.txt
[ 3.869444    3.752323    1.618094   -0.39654182  0.61705917 -0.56614266
  0.3761317 ]
data/scannet/scene0000_00/pose/1086.txt
[ 3.852949    3.743212    1.623625   -0.39828587  0.61429312 -0.56666723
  0.37802193]
